void setup(){
  size(500, 700);
  background(34, 142, 60);
}
  void draw(){
  stroke(102);
  smooth();
  line(40, 0, -5, 500);
  line(45, 0, 0, 500);
  line(100, 0, 55, 700);
  line(105, 0, 60, 700);
  line(170, 0, 145, 700);
  line(175, 0, 150, 700);
  line(240, 0, 240, 700);
  line(245, 0, 245, 700);
  line(310, 0, 335, 700);
  line(315, 0, 340, 700);
  line(380, 0, 435, 700);
  line(385, 0, 440, 700);
  line(450, 0, 515, 500);
  line(455, 0, 520, 500);  
  fill(166, 232, 170);
  noStroke();
  ellipse(280, 150, 57, 60);
  noStroke();
  triangle(280, 60, 270, 150, 290, 150);
  noStroke();
  triangle(390, 150, 295, 140, 305, 150);
  stroke(110, 201, 115);
  line(285, 65, 294, 115);
  line(380, 145, 310, 135);
  stroke(110, 201, 115);
  noFill();
  arc(295, 135, 33, 40, radians(270), radians(360));
  fill(166, 232, 170);
  noStroke();
  ellipse(308, 122, 8, 7);
  stroke(110, 201, 115);
  noFill();
  arc(295, 150, 180, 180, radians(260), radians(360));
  stroke(110, 201, 115);
  noFill();
  arc(295, 150, 170, 170, radians(264), radians(356));
  noStroke();
  fill(166, 232, 170);
  ellipse(310, 62, 10, 5);
  noStroke();
  fill(166, 232, 170);
  ellipse(355, 79, 25, 20);
  noStroke();
  fill(166, 232, 170);
  ellipse(380, 120, 8, 9);
  stroke(166, 232, 170);
  line(308, 122, 355, 75);
  stroke(166, 232, 170);
  line(355, 75, 375, 55);
  noStroke();
  fill(166, 232, 170);
  ellipse(378, 54, 12, 10);
  noFill();
  stroke(166, 232, 170);
  strokeWeight(2);
  arc(280, 170, 130, 100, radians(90), radians(270));
  arc(280, 190, 180, 140, radians(90), radians(270));
  arc(280, 220, 250, 200, radians(90), radians(270));
  arc(280, 260, 340, 280, radians(90), radians(270));
  arc(280, 300, 450, 390, radians(90), radians(270));
  noStroke();
  fill(166, 232, 170);
  ellipse(216, 165, 7, 8);
  ellipse(191, 183, 14, 13);
  ellipse(200, 220, 7, 8);
  ellipse(155, 210, 20, 18);
  ellipse(165, 255, 14, 13);
  ellipse(195, 295, 7, 8);
  ellipse(110, 253, 25, 20);
  ellipse(120, 300, 20, 18);
  ellipse(150, 350, 14, 13);
  ellipse(215, 390, 7, 8);
  ellipse(55, 320, 34, 30);
  ellipse(75, 380, 25, 20);
  ellipse(110, 430, 20, 18);
  ellipse(170, 470, 14, 13);
  ellipse(230, 490, 7, 8);
  stroke(166, 232, 170);
  noFill();
  line(280, 230, 350, 230);
  line(350, 230, 350, 270);
  line(350, 270, 390, 270);
  line(390, 270, 390, 350);
  line(390, 350, 420, 350);
  line(420, 350, 420, 470);
  line(280, 235, 280, 275);
  line(280, 275, 350, 275);
  line(350, 275, 350, 355);
  line(350, 355, 390, 355);  
  line(390, 355, 390, 475);
  line(280, 280, 280, 360);
  line(280, 360, 350, 360);
  line(350, 360, 350, 480);
  line(280, 365, 280, 485);
  rect(287, 237, 55, 30); 
  rect(357, 277, 25, 70);
  rect(398, 365, 13, 100);
  rect(290, 285, 50, 60);
  rect(290, 375, 50, 100);
  rect(357, 365, 25, 100);
  fill(166, 232, 170);
  noStroke();
  rect(295, 245, 40, 15);
  rect(364, 284, 11, 57);
  rect(402, 373, 6, 80);
  rect(298, 293, 35, 45);
  rect(299, 384, 35, 80);
  rect(364, 372, 11, 80);
  triangle(282, 236, 280, 218, 270, 218);
  triangle(280, 300, 280, 260, 265, 260);
  triangle(280, 365, 280, 320, 265, 320);
  triangle(280, 440, 280, 400, 265, 400);
  triangle(280, 530, 280, 495, 265, 495);
  triangle(353, 510, 353, 483, 280, 485);
  triangle(390, 500, 390, 478, 353, 478);
  triangle(420, 500, 420, 473, 390, 473);
  triangle(440, 490, 440, 473, 420, 473);
  fill(166, 232, 170);
  noStroke();
  ellipse(280, 540, 34, 30);
  ellipse(280, 566, 25, 20);
  ellipse(280, 586, 20, 18);
  ellipse(280, 602, 14, 13);
  ellipse(280, 614, 7, 8);
  ellipse(353, 520, 25, 20);
  ellipse(353, 540, 20, 18);
  ellipse(353, 558, 14, 13);
  ellipse(353, 569, 7, 8);
  ellipse(390, 510, 20, 18);
  ellipse(390, 527, 14, 13);
  ellipse(390, 539, 7, 8);
  ellipse(420, 507, 14, 13);
  ellipse(420, 519, 7, 8);
  ellipse(440, 496, 7, 8);
  }
  
  
  
