void setup() {
  size(500, 500);
  background(255,255,255);
}

void draw() {
 // row 1, col 1
 quad(0, 0, 50, 50, 50, 125, 0, 75);
 // row 1, col 2
 quad(50, 50, 100, 0, 100, 75, 50, 125);
  // row 1, col 3
 quad(100, 0, 150, 50, 150, 125, 100, 75);
  // row 1, col 4
 quad(150, 50, 200, 0 , 200, 75, 150, 125);
  // row 1 , col 5
 quad(200, 0, 250, 50, 250, 125, 200, 75);
  // row 1, col 6
 quad(250, 50, 300, 0, 300, 75, 250, 125);
  // row 1, col 7
 quad(300, 0, 350, 50, 350, 125, 300, 75);
  // row 1, col 8
 quad(350, 50, 400, 0, 400, 75, 350, 125);
  // row 1, col 9
 quad(400, 0, 450, 50, 450, 125, 400, 75);
  //row 1, col 10
 quad(450, 50, 500, 0, 500, 75, 450, 125);

  // row 2, col 1
 quad(0, 175, 50, 125, 50, 200, 0, 250);
  // row 2, col 2
 quad(50, 125, 100, 175, 100, 250, 50, 200);
  // row 2, col 3
  quad(100, 175, 150, 125, 150, 200, 100, 250);
  // row 2, col 4
 quad(150, 125, 200, 175, 200, 250, 150, 200);
  // row 2, col 5
 quad(200, 175, 250, 125, 250, 200, 200, 250);
  // row 2, col 6
 quad(250, 125, 300, 175, 300, 250, 250, 200);
 // row 2, col 7
 quad(300, 175, 350, 125, 350, 200, 300, 250);
  // row 2, col 8
 quad(350, 125, 400, 175, 400, 250, 350, 200);
  // row 2, col 9
 quad(400, 175, 450, 125, 450, 200, 400, 250);
  // row 2, col 10
 quad(450, 125, 500, 175, 500, 250, 450, 200);
 
 // row 3, col 1
 quad(0, 250, 50, 300, 50, 375, 0, 325);
 // row 3, col 2
 quad(50, 300, 100, 250, 100, 325, 50, 375);
 // row 3, col 3
 quad(100, 250, 150, 300, 150, 375, 100, 325);
 // row 3, col 4
 quad(150, 300, 200, 250, 200, 325, 150, 375);
 // row 3, col 5
 quad(200, 250, 250, 300, 250, 375, 200, 325);
 // row 3, col 6
 quad(250, 300, 300, 250, 300, 325, 250, 375);
 // row 3, col 7
 quad(300, 250, 350, 300, 350, 375, 300, 325);
 // row 3, col 8
 quad(350, 300, 400, 250, 400, 325, 350, 375);
 // row 3, col 9
 quad(400, 250, 450, 300, 450, 375, 400, 325);
 // row 3, col 10
 quad(450, 300, 500, 250, 500, 325, 450, 375);

  // row 4, col 1
  quad(0, 425, 50, 375, 50, 450, 0, 500);
  // row 4, col 2
  quad(50, 375, 100, 425, 100, 500, 50, 450);
  // row 4, col 3
  quad(100, 425, 150, 375, 150, 450, 100, 500);
  // row 4, col 4
  quad(150, 375, 200, 425, 200, 500, 150, 450);
  // row 4, col 5
  quad(200, 425, 250, 375, 250, 450, 200, 500);
  // row 4, col 6
  quad(250, 375, 300, 425, 300, 500, 250, 450);
  // row 4, col 7
  quad(300, 425, 350, 375, 350, 450, 300, 500);
  // row 4, col 8
  quad(350, 375, 400, 425, 400, 500, 350, 450);
  // row 4, col 9
  quad(400, 425, 450, 375, 450, 450, 400, 500);
  // row 4, col 10
  quad(450, 375, 500, 425, 500, 500, 450, 450);
}
